EDGES -> 1 2,1 3,3 4,3 5,5 6,6 7,6 19,7 9,7 8,8 18,9 10,10 11,11 16,11 12,12 13,12 15,13 14,14 16,15 11,16 17,16 18,18 6

TEST PATHS FOR EDGE COVERAGE
PATH 1 -> 1 2
TC 1 -> 12 1
OUTPUT 1 -> -1

PATH 2 -> 1 3 4
TC 2 -> 1 10
OUTPUT 2 -> -1

PATH 3 -> 1 3 5 6 7 9 10 11 12 15 11 12 15 11 12 15 11 16 17 // why more than one loop?
TC 3 -> 5 6
OUTPUT -> 5

PATH 4 -> 1 3 5 6 7 8 18 6 19
TC 4 -> 4 4
OUTPUT -> -1

PATH 5 -> 1 3 5 6 7 9 10 11 12 15 11 12 13 14 16 18 6 19
TC 5 -> 9 9
OUTPUT -> -1

// online tool findings:
[1,3,5,6,7,9,10,11,12,15,11,16,17]
[1,3,5,6,7,9,10,11,12,13,14,16,17]
[1,3,5,6,7,9,10,11,16,18,6,19]
